%YAML:1.0
descriptor: !!opencv-matrix
   rows: 181
   cols: 32
   dt: u
   data: [ 230, 251, 177, 0, 224, 77, 163, 246, 110, 12, 236, 111, 13,
       31, 54, 247, 17, 23, 171, 105, 139, 119, 55, 199, 242, 50, 90,
       149, 19, 131, 63, 32, 198, 251, 177, 0, 224, 77, 163, 246, 110, 4,
       236, 111, 13, 30, 54, 247, 17, 23, 171, 105, 139, 119, 55, 199,
       242, 50, 90, 149, 19, 131, 63, 32, 206, 239, 145, 36, 225, 13,
       179, 246, 78, 4, 174, 109, 13, 158, 52, 103, 19, 23, 235, 104,
       139, 119, 63, 195, 251, 50, 90, 213, 27, 3, 63, 40, 78, 207, 177,
       100, 225, 13, 161, 244, 110, 4, 174, 45, 41, 159, 52, 79, 19, 59,
       235, 97, 138, 127, 63, 99, 251, 50, 88, 213, 27, 3, 63, 32, 76,
       238, 133, 62, 199, 54, 222, 101, 73, 132, 175, 133, 165, 190, 161,
       96, 83, 147, 213, 126, 46, 111, 12, 111, 140, 49, 26, 25, 8, 40,
       127, 210, 94, 71, 176, 100, 232, 13, 161, 220, 110, 20, 170, 44,
       40, 159, 52, 75, 19, 187, 107, 225, 154, 223, 191, 98, 251, 80,
       88, 215, 27, 67, 31, 40, 96, 69, 79, 167, 78, 102, 193, 155, 10,
       165, 39, 175, 172, 214, 174, 222, 89, 141, 85, 55, 3, 243, 67,
       106, 8, 196, 90, 125, 219, 74, 83, 97, 11, 31, 165, 52, 207, 5,
       169, 252, 10, 80, 159, 236, 231, 159, 161, 8, 211, 250, 103, 115,
       208, 126, 41, 40, 249, 254, 35, 91, 60, 80, 45, 122, 15, 31, 177,
       54, 207, 5, 169, 252, 74, 80, 159, 236, 231, 159, 161, 8, 195,
       248, 99, 83, 208, 126, 47, 40, 249, 254, 35, 91, 61, 80, 45, 122,
       143, 63, 177, 54, 203, 5, 171, 252, 74, 80, 158, 236, 231, 159, 1,
       10, 167, 248, 99, 90, 220, 110, 47, 40, 233, 254, 35, 87, 61, 17,
       45, 122, 143, 63, 176, 247, 225, 9, 163, 253, 110, 112, 174, 140,
       67, 143, 20, 99, 39, 116, 239, 75, 156, 254, 59, 37, 233, 190,
       117, 215, 61, 1, 125, 58, 159, 63, 184, 229, 133, 9, 129, 245,
       100, 112, 42, 76, 1, 143, 148, 101, 39, 84, 239, 192, 208, 254,
       179, 161, 249, 190, 113, 83, 125, 1, 121, 58, 207, 46, 157, 55,
       199, 21, 222, 109, 104, 229, 159, 213, 183, 254, 129, 32, 209,
       210, 68, 92, 101, 111, 32, 44, 221, 187, 250, 31, 110, 16, 127,
       210, 78, 110, 133, 55, 199, 21, 94, 109, 105, 228, 159, 197, 167,
       186, 129, 32, 211, 146, 68, 124, 108, 111, 8, 46, 205, 183, 58,
       27, 108, 56, 111, 210, 230, 248, 147, 131, 210, 196, 218, 98, 206,
       44, 101, 247, 133, 90, 254, 247, 25, 7, 165, 122, 39, 103, 48,
       199, 6, 35, 90, 148, 65, 163, 59, 0, 230, 248, 147, 131, 208, 68,
       218, 102, 76, 44, 101, 215, 141, 90, 254, 247, 25, 23, 173, 106,
       39, 103, 16, 199, 134, 35, 90, 149, 67, 163, 123, 0, 148, 125, 47,
       37, 68, 97, 205, 80, 98, 36, 31, 229, 164, 30, 166, 222, 200, 204,
       229, 115, 65, 74, 97, 161, 153, 190, 115, 63, 43, 81, 83, 8, 15,
       15, 161, 100, 229, 9, 177, 244, 74, 84, 174, 236, 41, 143, 4, 64,
       7, 242, 227, 96, 137, 239, 175, 33, 249, 58, 112, 91, 57, 1, 37,
       58, 28, 70, 39, 37, 69, 33, 200, 93, 98, 164, 31, 228, 172, 158,
       164, 72, 200, 200, 229, 177, 66, 138, 65, 42, 221, 182, 99, 123,
       107, 64, 71, 74, 15, 7, 160, 100, 229, 47, 161, 200, 72, 64, 174,
       140, 57, 143, 0, 8, 195, 250, 99, 224, 14, 191, 238, 41, 249, 180,
       96, 91, 61, 77, 37, 123, 202, 118, 13, 191, 79, 38, 206, 77, 58,
       164, 63, 229, 175, 158, 36, 8, 81, 152, 87, 63, 6, 104, 8, 42,
       137, 211, 106, 95, 171, 40, 207, 87, 76, 78, 128, 182, 165, 173,
       168, 197, 74, 4, 47, 172, 33, 142, 160, 72, 83, 186, 235, 225, 14,
       95, 174, 43, 233, 177, 124, 202, 59, 73, 47, 97, 206, 126, 147,
       37, 195, 4, 194, 108, 72, 4, 175, 196, 173, 158, 160, 98, 25, 146,
       237, 122, 38, 111, 44, 47, 185, 51, 122, 31, 41, 0, 63, 80, 89,
       69, 100, 212, 44, 187, 161, 201, 6, 142, 170, 40, 56, 142, 32, 8,
       82, 186, 91, 225, 138, 157, 238, 42, 249, 209, 44, 106, 248, 89,
       194, 99, 89, 5, 132, 245, 175, 51, 69, 217, 115, 151, 170, 56,
       176, 201, 32, 8, 99, 184, 86, 177, 154, 152, 237, 42, 217, 208,
       37, 106, 254, 72, 64, 255, 24, 71, 164, 189, 44, 51, 69, 221, 35,
       135, 42, 32, 176, 203, 160, 8, 99, 186, 86, 133, 208, 152, 237,
       42, 217, 212, 165, 122, 250, 72, 68, 127, 24, 70, 101, 61, 45, 51,
       68, 221, 34, 135, 63, 160, 180, 139, 160, 8, 194, 250, 86, 181,
       64, 136, 201, 42, 217, 212, 165, 122, 250, 72, 70, 123, 72, 70,
       13, 191, 15, 54, 220, 77, 51, 135, 63, 180, 191, 250, 32, 8, 83,
       184, 87, 22, 46, 105, 72, 42, 205, 209, 46, 123, 170, 72, 198,
       247, 78, 78, 177, 53, 231, 13, 216, 125, 75, 132, 175, 164, 33,
       158, 160, 0, 19, 186, 103, 100, 46, 111, 44, 43, 249, 51, 56, 91,
       42, 32, 127, 122, 78, 78, 129, 53, 197, 13, 216, 117, 75, 4, 175,
       164, 37, 158, 160, 0, 83, 178, 111, 96, 14, 111, 172, 43, 233, 50,
       56, 91, 43, 0, 107, 114, 78, 78, 129, 55, 197, 13, 200, 101, 74,
       36, 175, 164, 37, 158, 160, 64, 83, 146, 111, 96, 14, 111, 164,
       43, 233, 179, 58, 91, 43, 8, 107, 115, 89, 69, 68, 212, 45, 187,
       165, 137, 150, 142, 234, 56, 56, 142, 48, 8, 114, 186, 91, 225,
       138, 157, 255, 42, 249, 209, 44, 234, 248, 73, 66, 115, 74, 70,
       133, 52, 239, 55, 252, 105, 9, 132, 175, 132, 177, 190, 32, 8, 83,
       186, 87, 116, 46, 111, 172, 42, 205, 19, 40, 91, 40, 40, 102, 211,
       78, 70, 133, 52, 239, 55, 252, 109, 73, 132, 175, 132, 177, 190,
       32, 8, 83, 186, 71, 116, 46, 111, 172, 42, 217, 51, 40, 91, 40,
       40, 38, 243, 206, 126, 149, 53, 195, 6, 242, 108, 72, 132, 175,
       228, 181, 222, 160, 35, 17, 186, 111, 122, 46, 111, 44, 46, 169,
       51, 122, 23, 40, 40, 63, 80, 78, 86, 133, 53, 239, 6, 242, 108,
       72, 132, 175, 196, 189, 158, 160, 42, 83, 186, 79, 126, 46, 109,
       44, 46, 201, 51, 42, 31, 40, 8, 47, 208, 88, 69, 0, 214, 44, 191,
       169, 201, 20, 14, 106, 40, 120, 142, 160, 8, 114, 186, 91, 225,
       154, 159, 206, 42, 233, 209, 44, 234, 250, 105, 2, 101, 57, 71,
       110, 254, 63, 50, 165, 217, 19, 167, 226, 56, 248, 234, 98, 8,
       102, 186, 90, 183, 186, 152, 205, 58, 217, 216, 164, 123, 250, 76,
       68, 253, 72, 86, 133, 52, 207, 39, 198, 76, 9, 132, 175, 196, 189,
       190, 160, 8, 83, 154, 95, 118, 38, 109, 108, 42, 201, 147, 42, 91,
       40, 72, 110, 211, 88, 69, 0, 212, 44, 187, 173, 200, 21, 6, 42,
       56, 112, 142, 176, 8, 114, 186, 83, 225, 202, 159, 255, 42, 233,
       209, 44, 234, 250, 73, 2, 97, 88, 68, 12, 190, 47, 54, 204, 73,
       19, 135, 55, 176, 178, 238, 226, 8, 102, 248, 84, 181, 46, 136,
       201, 42, 205, 213, 44, 123, 238, 88, 66, 247, 72, 68, 4, 190, 46,
       55, 204, 73, 21, 134, 171, 176, 48, 236, 161, 8, 83, 186, 94, 181,
       10, 13, 204, 42, 205, 209, 44, 123, 232, 104, 106, 247, 72, 70,
       164, 244, 175, 55, 220, 205, 9, 132, 47, 144, 176, 239, 32, 8, 83,
       186, 94, 180, 110, 29, 204, 42, 217, 209, 44, 123, 248, 104, 46,
       243, 72, 70, 197, 54, 79, 55, 196, 77, 9, 134, 175, 128, 180, 190,
       160, 8, 83, 186, 95, 117, 6, 13, 204, 42, 201, 211, 42, 123, 234,
       72, 78, 243, 74, 70, 133, 52, 239, 55, 68, 108, 11, 132, 175, 228,
       189, 190, 160, 8, 83, 186, 95, 119, 46, 109, 12, 42, 201, 211, 42,
       91, 184, 8, 46, 241, 72, 70, 69, 60, 111, 55, 68, 77, 11, 134,
       175, 128, 188, 190, 160, 8, 83, 186, 95, 55, 46, 13, 204, 42, 205,
       211, 40, 123, 170, 72, 78, 243, 88, 70, 4, 222, 44, 63, 132, 205,
       21, 134, 171, 8, 48, 174, 160, 8, 83, 186, 91, 245, 10, 31, 206,
       42, 205, 209, 44, 251, 248, 104, 10, 247, 88, 70, 68, 181, 44, 59,
       76, 205, 19, 134, 170, 32, 48, 174, 160, 8, 114, 184, 86, 165,
       138, 157, 204, 42, 201, 209, 44, 107, 250, 104, 78, 247, 72, 70,
       197, 62, 111, 55, 92, 77, 27, 132, 175, 160, 184, 190, 160, 8, 83,
       186, 82, 52, 46, 13, 204, 42, 205, 211, 40, 90, 168, 72, 6, 247,
       88, 71, 4, 222, 45, 63, 133, 205, 21, 142, 235, 8, 48, 174, 160,
       8, 83, 186, 91, 229, 138, 29, 206, 58, 201, 209, 44, 251, 248,
