%YAML:1.0
descriptor: !!opencv-matrix
   rows: 232
   cols: 32
   dt: u
   data: [ 191, 63, 184, 72, 169, 200, 177, 254, 166, 80, 92, 127, 75,
       45, 222, 67, 166, 104, 235, 98, 253, 178, 115, 149, 113, 94, 117,
       213, 149, 215, 29, 56, 24, 69, 96, 220, 60, 179, 45, 153, 151,
       139, 224, 56, 112, 234, 176, 11, 34, 187, 90, 165, 154, 156, 239,
       58, 225, 209, 164, 234, 250, 108, 0, 245, 24, 65, 100, 220, 60,
       187, 45, 153, 151, 143, 224, 56, 112, 226, 248, 8, 98, 187, 18,
       165, 154, 157, 223, 58, 227, 209, 164, 234, 250, 104, 64, 229, 24,
       69, 64, 212, 60, 187, 37, 153, 151, 15, 234, 56, 48, 202, 160, 8,
       98, 186, 90, 165, 154, 157, 207, 42, 225, 209, 36, 234, 248, 104,
       4, 117, 28, 70, 39, 37, 69, 33, 200, 93, 98, 164, 63, 228, 172,
       158, 164, 72, 200, 216, 229, 177, 66, 10, 65, 42, 221, 182, 115,
       123, 107, 64, 71, 75, 228, 224, 198, 154, 218, 118, 118, 2, 221,
       173, 225, 31, 152, 114, 250, 247, 89, 151, 80, 190, 39, 71, 4,
       222, 6, 67, 154, 185, 192, 168, 26, 197, 234, 118, 13, 191, 79,
       38, 206, 77, 56, 164, 63, 228, 175, 158, 36, 8, 81, 152, 87, 63,
       6, 104, 8, 42, 137, 211, 106, 95, 171, 104, 207, 87, 88, 65, 68,
       212, 60, 187, 45, 137, 151, 143, 224, 56, 48, 194, 160, 8, 98,
       187, 18, 229, 138, 157, 207, 26, 227, 209, 44, 234, 250, 104, 66,
       245, 228, 224, 198, 155, 218, 118, 86, 2, 221, 173, 225, 23, 152,
       114, 250, 247, 89, 23, 153, 174, 39, 71, 4, 222, 6, 67, 218, 185,
       192, 232, 90, 197, 163, 184, 123, 19, 83, 196, 90, 50, 139, 123,
       213, 247, 231, 113, 77, 39, 156, 64, 164, 90, 116, 32, 32, 213,
       34, 174, 3, 4, 7, 150, 165, 152, 29, 159, 179, 100, 228, 41, 161,
       208, 98, 8, 204, 237, 4, 159, 36, 206, 234, 2, 235, 225, 129, 154,
       191, 67, 251, 246, 83, 214, 27, 87, 29, 41, 88, 71, 68, 253, 47,
       51, 205, 141, 17, 135, 42, 0, 176, 174, 176, 8, 98, 186, 86, 165,
       138, 157, 205, 42, 205, 209, 172, 123, 250, 104, 68, 229, 88, 71,
       4, 252, 47, 50, 189, 141, 17, 135, 42, 0, 240, 174, 160, 8, 99,
       186, 80, 181, 186, 157, 204, 42, 221, 209, 172, 123, 248, 104, 70,
       231, 183, 63, 185, 72, 169, 204, 161, 222, 44, 80, 92, 107, 75,
       37, 222, 71, 167, 104, 235, 115, 217, 242, 115, 129, 113, 78, 101,
       199, 181, 95, 29, 56, 79, 136, 209, 32, 196, 205, 18, 226, 100, 0,
       77, 231, 39, 156, 36, 32, 149, 4, 175, 104, 12, 32, 38, 3, 107,
       39, 91, 12, 5, 151, 163, 26, 24, 70, 101, 61, 45, 51, 68, 221, 34,
       135, 63, 160, 180, 139, 160, 8, 194, 186, 86, 181, 64, 136, 205,
       42, 217, 212, 165, 122, 250, 72, 68, 123, 72, 70, 13, 191, 15, 54,
       204, 77, 49, 135, 63, 180, 191, 250, 32, 8, 83, 184, 87, 22, 46,
       105, 72, 42, 205, 209, 46, 123, 170, 72, 198, 247, 156, 125, 47,
       37, 76, 97, 201, 80, 98, 36, 31, 229, 44, 30, 164, 78, 200, 204,
       229, 115, 65, 74, 97, 161, 185, 190, 115, 63, 43, 81, 67, 8, 78,
       79, 177, 100, 232, 13, 161, 220, 110, 20, 174, 44, 9, 159, 52, 75,
       19, 59, 107, 225, 154, 223, 63, 99, 251, 112, 88, 215, 27, 67, 31,
       40, 79, 136, 209, 32, 196, 141, 18, 226, 100, 0, 77, 167, 39, 156,
       36, 40, 145, 4, 175, 120, 14, 32, 34, 3, 107, 166, 91, 12, 23,
       151, 163, 26, 76, 200, 197, 22, 228, 173, 32, 171, 101, 13, 111,
       47, 33, 184, 160, 72, 211, 140, 111, 97, 14, 49, 38, 75, 235, 53,
       27, 204, 17, 14, 179, 129, 94, 71, 176, 100, 232, 13, 161, 220,
       110, 20, 170, 44, 8, 159, 52, 75, 51, 187, 107, 225, 154, 223,
       191, 98, 251, 80, 88, 215, 155, 67, 29, 40, 88, 70, 68, 191, 45,
       51, 77, 13, 19, 135, 171, 32, 176, 162, 160, 8, 82, 186, 86, 245,
       10, 141, 204, 42, 205, 209, 44, 106, 234, 104, 70, 247, 24, 68,
       76, 222, 60, 187, 92, 9, 149, 207, 179, 152, 50, 226, 200, 0, 86,
       250, 82, 133, 46, 140, 201, 40, 77, 217, 164, 106, 234, 104, 66,
       247, 228, 248, 199, 185, 210, 118, 94, 34, 249, 173, 39, 215, 132,
       112, 239, 246, 88, 7, 148, 62, 39, 99, 4, 223, 6, 35, 154, 29, 71,
       168, 122, 132, 88, 71, 68, 191, 45, 187, 77, 141, 19, 135, 170,
       32, 48, 138, 160, 8, 114, 186, 86, 165, 138, 157, 205, 42, 201,
       209, 44, 107, 234, 104, 70, 231, 24, 69, 108, 220, 58, 178, 61,
       152, 149, 155, 240, 24, 216, 235, 219, 155, 46, 123, 82, 181, 250,
       156, 223, 58, 244, 217, 164, 226, 250, 110, 0, 229, 88, 6, 4, 252,
       46, 54, 140, 205, 19, 134, 171, 160, 176, 174, 32, 8, 83, 186, 90,
       181, 174, 29, 204, 42, 221, 145, 172, 123, 248, 104, 78, 245, 150,
       125, 56, 200, 160, 201, 149, 158, 230, 90, 216, 111, 95, 12, 150,
       247, 172, 96, 171, 129, 249, 184, 187, 228, 96, 62, 213, 224, 19,
       215, 25, 40, 79, 200, 193, 4, 228, 141, 0, 171, 236, 13, 79, 63,
       37, 156, 160, 72, 210, 140, 47, 97, 10, 35, 38, 75, 235, 181, 91,
       12, 23, 31, 163, 16, 79, 200, 193, 20, 228, 141, 32, 171, 101, 13,
       79, 175, 33, 152, 160, 72, 211, 140, 111, 112, 14, 33, 38, 75,
       107, 53, 91, 140, 23, 159, 179, 144, 78, 86, 133, 53, 239, 6, 210,
       108, 72, 132, 175, 196, 189, 158, 160, 42, 83, 186, 79, 126, 46,
       109, 44, 46, 233, 51, 42, 31, 40, 8, 47, 80, 79, 136, 213, 20,
       247, 132, 90, 107, 79, 131, 135, 183, 165, 248, 32, 40, 209, 142,
       39, 124, 46, 35, 36, 95, 91, 33, 27, 12, 1, 156, 167, 144, 79,
       136, 213, 22, 247, 132, 90, 107, 73, 131, 135, 183, 165, 248, 40,
       40, 208, 142, 39, 124, 46, 35, 36, 95, 91, 33, 27, 12, 1, 156,
       167, 144, 77, 200, 197, 22, 215, 132, 82, 43, 73, 141, 7, 183,
       165, 240, 40, 40, 208, 143, 5, 124, 46, 35, 36, 95, 75, 33, 26,
       12, 65, 188, 227, 210, 183, 119, 184, 200, 169, 200, 145, 190,
       230, 82, 80, 123, 73, 45, 222, 103, 164, 104, 171, 194, 217, 186,
       123, 149, 242, 158, 229, 211, 209, 215, 189, 120, 88, 71, 4, 222,
       45, 63, 133, 205, 21, 142, 234, 8, 48, 174, 160, 8, 83, 186, 91,
       165, 138, 29, 206, 58, 201, 209, 44, 251, 248, 104, 78, 245, 79,
       136, 209, 36, 197, 205, 18, 227, 100, 0, 77, 231, 39, 156, 36, 40,
       144, 12, 175, 104, 14, 34, 34, 67, 123, 166, 91, 12, 23, 151, 163,
       26, 72, 70, 197, 62, 111, 55, 92, 77, 27, 132, 175, 160, 184, 190,
       160, 8, 83, 186, 82, 52, 46, 13, 204, 42, 205, 211, 40, 90, 168,
       72, 6, 247, 207, 168, 213, 35, 215, 69, 82, 99, 72, 147, 133, 215,
       167, 112, 41, 32, 208, 4, 165, 124, 36, 35, 36, 93, 11, 35, 91,
       12, 5, 158, 231, 146, 72, 70, 197, 54, 79, 55, 196, 77, 9, 134,
       175, 128, 176, 190, 160, 8, 83, 186, 95, 117, 6, 13, 204, 42, 201,
       211, 40, 123, 234, 104, 78, 243, 101, 248, 199, 16, 214, 246, 90,
       34, 233, 175, 5, 215, 181, 112, 232, 186, 216, 5, 132, 62, 38, 33,
       4, 94, 22, 37, 27, 12, 70, 186, 227, 136, 207, 168, 213, 35, 215,
       69, 82, 35, 72, 131, 23, 215, 167, 240, 161, 40, 208, 134, 165,
       126, 38, 35, 36, 95, 11, 35, 75, 12, 5, 158, 227, 146, 88, 70, 76,
       62, 47, 183, 76, 9, 17, 135, 171, 168, 184, 162, 160, 8, 82, 186,
       82, 181, 46, 13, 205, 42, 205, 209, 172, 106, 234, 104, 70, 247,
       207, 35, 216, 64, 169, 142, 177, 222, 252, 20, 108, 47, 105, 135,
       54, 79, 163, 12, 123, 81, 155, 243, 55, 2, 251, 84, 125, 199, 187,
       79, 20, 60, 16, 68, 76, 222, 60, 187, 108, 9, 149, 207, 179, 24,
       50, 226, 201, 8, 102, 242, 82, 132, 76, 140, 202, 40, 77, 201,
       164, 106, 232, 104, 66, 229, 207, 232, 213, 35, 215, 197, 82, 35,
       234, 171, 23, 247, 167, 112, 173, 40, 208, 134, 165, 126, 38, 35,
       32, 95, 75, 35, 91, 12, 5, 156, 227, 146, 135, 40, 127, 49, 23,
       212, 94, 58, 163, 251, 85, 247, 183, 113, 201, 40, 220, 70, 4, 28,
       100, 32, 32, 92, 19, 174, 131, 12, 2, 150, 227, 154, 88, 68, 76,
       94, 60, 187, 60, 9, 149, 207, 226, 24, 122, 226, 201, 8, 118, 250,
       82, 148, 14, 141, 202, 42, 205, 209, 172, 106, 168, 104, 2, 247,
       72, 68, 12, 190, 47, 55, 220, 73, 17, 199, 35, 48, 187, 234, 65,
